vec4<f32>(0.0000, 0.1406, 0.2773, 0.4140),
vec4<f32>(0.4375, 0.5703, 0.7031, 0.8359),
vec4<f32>(0.8687, 0.0015, 0.1349, 0.2717),
vec4<f32>(0.4055, 0.5382, 0.6710, 0.8038),
vec4<f32>(0.8365, 0.9692, 0.1020, 0.2348),
vec4<f32>(0.3693, 0.5020, 0.6348, 0.7676),
vec4<f32>(0.7051, 0.8378, 0.9706, 0.1034),
vec4<f32>(0.3379, 0.4706, 0.6034, 0.7362),
vec4<f32>(0.6729, 0.8057, 0.9385, 0.0713),
vec4<f32>(0.3057, 0.4384, 0.5712, 0.7040),
vec4<f32>(0.6385, 0.7712, 0.9040, 0.0368),
vec4<f32>(0.2713, 0.4040, 0.5368, 0.6696),
vec4<f32>(0.6071, 0.7399, 0.8727, 0.0055),
vec4<f32>(0.2399, 0.3727, 0.5055, 0.6383),
vec4<f32>(0.5739, 0.7067, 0.8395, 0.9723),
vec4<f32>(0.2067, 0.3395, 0.4723, 0.6051)
